74
76
32
40
4
72
46
5
83
87
10
91
19
64
60
41
93
14
29
61
24
79
57
48
56
36
11
81
91
62
48
70
20
91
48
65
55
19
21
32
80
50
51
12
56
62
97
71
45
30
77
26
43
79
67
94
19
83
83
68
62
65
13
22
40
39
72
28
17
94
85
75
93
96
80
73
28
45
92
93
39
39
36
62
84
22
28
40
25
53
46
72
36
53
70
16
38
30
72
17
90
69
55
50
44
3
33
46
99
93
67
74
91
90
30
23
29
51
37
18
12
33
4
64
49
14
40
41
27
64
36
98
72
75
4
69
83
85
18
82
89
81
40
31
86
72
80
45
24
47
86
86
92
55
5
58
66
91
2
30
62
92
20
35
57
68
2
16
87
60
39
43
33
54
29
31
92
72
77
76
33
94
17
79
77
50
6
18
70
45
4
92
83
88
20
96
61
6
73
18
71
64
58
63
9
44
54
38
27
74
66
93
14
26
97
68
75
41
57
8
62
84
46
42
57
47
59
45
35
32
69
87
99
59
6
68
36
54
71
34
95
68
90
96
79
10
78
58
90
51
22
21
48
65
56
87
19
17
7
61
84
9
4
95
5
78
94
54
21
29
33
22
69
23
12
94
93
50
62
47
69
2
54
83
11
48
39
34
4
19
50
19
47
10
50
87
64
95
91
1
15
24
38
62
19
99
52
25
53
62
93
69
55
60
92
82
55
20
85
56
39
61
51
2
79
15
74
59
73
25
30
98
59
61
32
45
63
92
65
11
96
15
80
42
25
81
64
87
18
67
33
44
11
35
61
54
73
36
83
4
25
92
52
29
32
95
10
93
28
47
19
62
55
75
59
25
80
9
76
98
50
87
42
6
92
86
88
24
1
77
72
28
10
61
85
5
63
52
10
30
71
71
59
71
48
70
89
36
75
37
73
64
59
85
54
38
51
46
36
46
8
85
92
50
74
91
53
93
89
55
62
29
99
47
27
79
28
70
57
23
96
53
49
63
5
9
68
25
8
47
54
17
16
64
23
85
78
10
97
57
17
95
46
20
75
44
65
13
58
75
10
80
89
14
49
55
37
29
46
65
24
29
86
42
2
45
14
35
24
42
1
19
73
1
6
2
7
29
88
60
44
55
66
33
38
73
28
2
15
68
48
49
63
32
34
88
9
4
19
30
31
30
89
17
74
90
8
89
9
47
48
9
41
85
21
68
62
54
5
29
17
12
20
56
93
51
56
41
66
18
93
4
11
58
29
15
66
50
58
47
65
39
93
68
21
40
9
77
11
65
26
54
99
90
14
19
10
34
23
23
35
66
23
91
54
45
98
82
57
7
2
13
96
57
63
78
19
52
35
53
43
78
31
1
91
39
4
20
45
10
5
33
28
35
13
98
17
2
14
75
42
27
21
4
64
14
58
42
27
35
1
58
98
70
80
57
36
22
99
16
41
78
38
47
3
68
84
61
45
64
62
17
38
60
11
16
57
27
37
78
80
62
93
10
10
46
35
57
54
55
63
94
2
98
35
64
89
74
2
95
29
97
96
62
73
84
20
38
59
64
99
10
85
22
35
78
84
28
37
56
34
27
7
89
2
67
15
40
25
47
27
83
26
41
49
83
65
32
36
26
27
96
98
90
56
54
10
80
64
56
80
61
37
45
62
2
91
7
61
7
69
80
13
12
37
17
83
44
72
52
13
53
91
12
30
37
29
17
34
48
58
35
75
69
67
66
46
80
79
48
92
59
71
30
56
46
83
86
53
40
70
66
8
12
43
27
69
26
15
25
73
74
73
13
49
35
5
44
45
71
70
4
64
25
60
54
82
62
56
84
53
42
64
94
78
91
27
64
26
40
97
21
66
54
75
18
85
58
81
21
41
39
42
81
69
67
2
82
52
89
45
7
69
31
72
32
11
79
35
57
8
41
19
6
74
50
37
10
50
43
68
24
81
35
43
14
1
82
25
11
90
45
12
36
94
90
51
35
82
43
7
7
23
24
14
1
21
36
8
20
30
91
32
10
21
21
26
35
88
58
31
29
54
24
67
63
29
82
11
84
98
3
27
7
36
62
2
57
21
42
93
64
74
5
81
98
13
3
16
74
64
17
47
25
13
78
52
98
57
51
71
38
25
24
22
27
65
26
73
59
20
68
14
46
65
67
54
49
43
69
50
27
67
37
20
82
55
3
94
57
10
3
1
70
70
55
39
51
83
54
34
87
29
56
55
95
3
1
60
45
24
3
56
88
1
45
70
88
4
40
